function UsedSets=GetUsedSets()

UsedSets=[1 4 9 10 11 12 13 15 23 24 29 32 33 34 48 49 62 75 77 110 114 118];
%UsedSets=[1 2 3 4 5 6 9 10];
%UsedSets=[1 6 9];
%UsedSets=[29 62 77 114];
%UsedSets=[1];